(kicad_pcb (version 20171130) (host pcbnew "(5.1.0)-1")

  (general
    (thickness 1.6)
    (drawings 17)
    (tracks 203)
    (zones 0)
    (modules 32)
    (nets 26)
  )

  (page A4)
  (layers
    (0 F.Cu signal)
    (1 In1.Cu signal)
    (2 In2.Cu signal)
    (31 B.Cu signal)
    (33 F.Adhes user)
    (35 F.Paste user)
    (37 F.SilkS user)
    (39 F.Mask user)
    (40 Dwgs.User user)
    (41 Cmts.User user)
    (42 Eco1.User user)
    (43 Eco2.User user)
    (44 Edge.Cuts user)
    (45 Margin user)
    (46 B.CrtYd user)
    (47 F.CrtYd user)
    (49 F.Fab user hide)
  )

  (setup
    (last_trace_width 0.25)
    (trace_clearance 0.2)
    (zone_clearance 0.508)
    (zone_45_only no)
    (trace_min 0.2)
    (via_size 0.8)
    (via_drill 0.4)
    (via_min_size 0.4)
    (via_min_drill 0.3)
    (blind_buried_vias_allowed yes)
    (uvia_size 0.3)
    (uvia_drill 0.1)
    (uvias_allowed no)
    (uvia_min_size 0.2)
    (uvia_min_drill 0.1)
    (edge_width 0.15)
    (segment_width 0.2)
    (pcb_text_width 0.3)
    (pcb_text_size 1.5 1.5)
    (mod_edge_width 0.15)
    (mod_text_size 1 1)
    (mod_text_width 0.15)
    (pad_size 1.524 1.524)
    (pad_drill 0.762)
    (pad_to_mask_clearance 0.051)
    (solder_mask_min_width 0.25)
    (aux_axis_origin 0 0)
    (visible_elements 7FFFFFFF)
    (pcbplotparams
      (layerselection 0x010fc_ffffffff)
      (usegerberextensions false)
      (usegerberattributes false)
      (usegerberadvancedattributes false)
      (creategerberjobfile false)
      (excludeedgelayer true)
      (linewidth 0.100000)
      (plotframeref false)
      (viasonmask false)
      (mode 1)
      (useauxorigin false)
      (hpglpennumber 1)
      (hpglpenspeed 20)
      (hpglpendiameter 15.000000)
      (psnegative false)
      (psa4output false)
      (plotreference true)
      (plotvalue true)
      (plotinvisibletext false)
      (padsonsilk false)
      (subtractmaskfromsilk false)
      (outputformat 1)
      (mirror false)
      (drillshape 1)
      (scaleselection 1)
      (outputdirectory ""))
  )

  (net 0 "")
  (net 1 DACR-)
  (net 2 DACL-)
  (net 3 DACL+)
  (net 4 "Net-(C25-Pad1)")
  (net 5 GND)
  (net 6 "Net-(R5-Pad1)")
  (net 7 +3V3)
  (net 8 "Net-(R4-Pad1)")
  (net 9 "Net-(C17-Pad1)")
  (net 10 "Net-(D1-Pad1)")
  (net 11 DACR+)
  (net 12 VUSB)
  (net 13 "Net-(C3-Pad1)")
  (net 14 "Net-(C21-Pad1)")
  (net 15 "Net-(C20-Pad1)")
  (net 16 "Net-(C20-Pad2)")
  (net 17 "Net-(C22-Pad1)")
  (net 18 I2S_MCLK)
  (net 19 I2S_SCLK)
  (net 20 I2S_DIN)
  (net 21 I2S_LRCK)
  (net 22 OUTL_P)
  (net 23 OUTL_N)
  (net 24 OUTR_N)
  (net 25 OUTR_P)

  (net_class Default "This is the default net class."
    (clearance 0.2)
    (trace_width 0.25)
    (via_dia 0.8)
    (via_drill 0.4)
    (uvia_dia 0.3)
    (uvia_drill 0.1)
    (add_net +3V3)
    (add_net DACL+)
    (add_net DACL-)
    (add_net DACR+)
    (add_net DACR-)
    (add_net GND)
    (add_net I2S_DIN)
    (add_net I2S_LRCK)
    (add_net I2S_MCLK)
    (add_net I2S_SCLK)
    (add_net "Net-(C17-Pad1)")
    (add_net "Net-(C20-Pad1)")
    (add_net "Net-(C20-Pad2)")
    (add_net "Net-(C21-Pad1)")
    (add_net "Net-(C22-Pad1)")
    (add_net "Net-(C25-Pad1)")
    (add_net "Net-(C3-Pad1)")
    (add_net "Net-(D1-Pad1)")
    (add_net "Net-(R4-Pad1)")
    (add_net "Net-(R5-Pad1)")
    (add_net OUTL_N)
    (add_net OUTL_P)
    (add_net OUTR_N)
    (add_net OUTR_P)
    (add_net VUSB)
  )

  (module Button_Switch_THT:SW_PUSH_6mm (layer F.Cu) (tedit 5A02FE31) (tstamp 5CB80613)
    (at 127.381 48.641 180)
    (descr https://www.omron.com/ecb/products/pdf/en-b3f.pdf)
    (tags "tact sw push 6mm")
    (path /5C923633/5C941E06)
    (fp_text reference SW1 (at 3.048 6.604) (layer F.SilkS)
      (effects (font (size 1 1) (thickness 0.15)))
    )
    (fp_text value SW_Push (at 3.75 6.7 180) (layer F.Fab)
      (effects (font (size 1 1) (thickness 0.15)))
    )
    (fp_text user %R (at 3.25 2.25 180) (layer F.Fab)
      (effects (font (size 1 1) (thickness 0.15)))
    )
    (fp_line (start 3.25 -0.75) (end 6.25 -0.75) (layer F.Fab) (width 0.1))
    (fp_line (start 6.25 -0.75) (end 6.25 5.25) (layer F.Fab) (width 0.1))
    (fp_line (start 6.25 5.25) (end 0.25 5.25) (layer F.Fab) (width 0.1))
    (fp_line (start 0.25 5.25) (end 0.25 -0.75) (layer F.Fab) (width 0.1))
    (fp_line (start 0.25 -0.75) (end 3.25 -0.75) (layer F.Fab) (width 0.1))
    (fp_line (start 7.75 6) (end 8 6) (layer F.CrtYd) (width 0.05))
    (fp_line (start 8 6) (end 8 5.75) (layer F.CrtYd) (width 0.05))
    (fp_line (start 7.75 -1.5) (end 8 -1.5) (layer F.CrtYd) (width 0.05))
    (fp_line (start 8 -1.5) (end 8 -1.25) (layer F.CrtYd) (width 0.05))
    (fp_line (start -1.5 -1.25) (end -1.5 -1.5) (layer F.CrtYd) (width 0.05))
    (fp_line (start -1.5 -1.5) (end -1.25 -1.5) (layer F.CrtYd) (width 0.05))
    (fp_line (start -1.5 5.75) (end -1.5 6) (layer F.CrtYd) (width 0.05))
    (fp_line (start -1.5 6) (end -1.25 6) (layer F.CrtYd) (width 0.05))
    (fp_line (start -1.25 -1.5) (end 7.75 -1.5) (layer F.CrtYd) (width 0.05))
    (fp_line (start -1.5 5.75) (end -1.5 -1.25) (layer F.CrtYd) (width 0.05))
    (fp_line (start 7.75 6) (end -1.25 6) (layer F.CrtYd) (width 0.05))
    (fp_line (start 8 -1.25) (end 8 5.75) (layer F.CrtYd) (width 0.05))
    (fp_line (start 1 5.5) (end 5.5 5.5) (layer F.SilkS) (width 0.12))
    (fp_line (start -0.25 1.5) (end -0.25 3) (layer F.SilkS) (width 0.12))
    (fp_line (start 5.5 -1) (end 1 -1) (layer F.SilkS) (width 0.12))
    (fp_line (start 6.75 3) (end 6.75 1.5) (layer F.SilkS) (width 0.12))
    (fp_circle (center 3.25 2.25) (end 1.25 2.5) (layer F.Fab) (width 0.1))
    (pad 2 thru_hole circle (at 0 4.5 270) (size 2 2) (drill 1.1) (layers *.Cu *.Mask)
      (net 9 "Net-(C17-Pad1)"))
    (pad 1 thru_hole circle (at 0 0 270) (size 2 2) (drill 1.1) (layers *.Cu *.Mask)
      (net 5 GND))
    (pad 2 thru_hole circle (at 6.5 4.5 270) (size 2 2) (drill 1.1) (layers *.Cu *.Mask)
      (net 9 "Net-(C17-Pad1)"))
    (pad 1 thru_hole circle (at 6.5 0 270) (size 2 2) (drill 1.1) (layers *.Cu *.Mask)
      (net 5 GND))
    (model ${KISYS3DMOD}/Button_Switch_THT.3dshapes/SW_PUSH_6mm.wrl
      (at (xyz 0 0 0))
      (scale (xyz 1 1 1))
      (rotate (xyz 0 0 0))
    )
  )

  (module Capacitor_SMD:C_0603_1608Metric (layer F.Cu) (tedit 5B301BBE) (tstamp 5CB80531)
    (at 147.447 49.1235 90)
    (descr "Capacitor SMD 0603 (1608 Metric), square (rectangular) end terminal, IPC_7351 nominal, (Body size source: http://www.tortai-tech.com/upload/download/2011102023233369053.pdf), generated with kicad-footprint-generator")
    (tags capacitor)
    (path /5C923633/5C9307BB)
    (attr smd)
    (fp_text reference C13 (at 2.8955 0.127 90) (layer F.SilkS)
      (effects (font (size 1 1) (thickness 0.15)))
    )
    (fp_text value 10uF (at 0 1.43 90) (layer F.Fab)
      (effects (font (size 1 1) (thickness 0.15)))
    )
    (fp_text user %R (at 0 0 90) (layer F.Fab)
      (effects (font (size 0.4 0.4) (thickness 0.06)))
    )
    (fp_line (start 1.48 0.73) (end -1.48 0.73) (layer F.CrtYd) (width 0.05))
    (fp_line (start 1.48 -0.73) (end 1.48 0.73) (layer F.CrtYd) (width 0.05))
    (fp_line (start -1.48 -0.73) (end 1.48 -0.73) (layer F.CrtYd) (width 0.05))
    (fp_line (start -1.48 0.73) (end -1.48 -0.73) (layer F.CrtYd) (width 0.05))
    (fp_line (start -0.162779 0.51) (end 0.162779 0.51) (layer F.SilkS) (width 0.12))
    (fp_line (start -0.162779 -0.51) (end 0.162779 -0.51) (layer F.SilkS) (width 0.12))
    (fp_line (start 0.8 0.4) (end -0.8 0.4) (layer F.Fab) (width 0.1))
    (fp_line (start 0.8 -0.4) (end 0.8 0.4) (layer F.Fab) (width 0.1))
    (fp_line (start -0.8 -0.4) (end 0.8 -0.4) (layer F.Fab) (width 0.1))
    (fp_line (start -0.8 0.4) (end -0.8 -0.4) (layer F.Fab) (width 0.1))
    (pad 2 smd roundrect (at 0.7875 0 90) (size 0.875 0.95) (layers F.Cu F.Paste F.Mask) (roundrect_rratio 0.25)
      (net 5 GND))
    (pad 1 smd roundrect (at -0.7875 0 90) (size 0.875 0.95) (layers F.Cu F.Paste F.Mask) (roundrect_rratio 0.25)
      (net 7 +3V3))
    (model ${KISYS3DMOD}/Capacitor_SMD.3dshapes/C_0603_1608Metric.wrl
      (at (xyz 0 0 0))
      (scale (xyz 1 1 1))
      (rotate (xyz 0 0 0))
    )
  )

  (module Capacitor_SMD:C_0603_1608Metric (layer F.Cu) (tedit 5B301BBE) (tstamp 5CB80520)
    (at 145.415 45.085 180)
    (descr "Capacitor SMD 0603 (1608 Metric), square (rectangular) end terminal, IPC_7351 nominal, (Body size source: http://www.tortai-tech.com/upload/download/2011102023233369053.pdf), generated with kicad-footprint-generator")
    (tags capacitor)
    (path /5C923633/5CA6C15F)
    (attr smd)
    (fp_text reference C25 (at 3.175 0 180) (layer F.SilkS)
      (effects (font (size 1 1) (thickness 0.15)))
    )
    (fp_text value 1.0uF (at 0 1.43 180) (layer F.Fab)
      (effects (font (size 1 1) (thickness 0.15)))
    )
    (fp_line (start -0.8 0.4) (end -0.8 -0.4) (layer F.Fab) (width 0.1))
    (fp_line (start -0.8 -0.4) (end 0.8 -0.4) (layer F.Fab) (width 0.1))
    (fp_line (start 0.8 -0.4) (end 0.8 0.4) (layer F.Fab) (width 0.1))
    (fp_line (start 0.8 0.4) (end -0.8 0.4) (layer F.Fab) (width 0.1))
    (fp_line (start -0.162779 -0.51) (end 0.162779 -0.51) (layer F.SilkS) (width 0.12))
    (fp_line (start -0.162779 0.51) (end 0.162779 0.51) (layer F.SilkS) (width 0.12))
    (fp_line (start -1.48 0.73) (end -1.48 -0.73) (layer F.CrtYd) (width 0.05))
    (fp_line (start -1.48 -0.73) (end 1.48 -0.73) (layer F.CrtYd) (width 0.05))
    (fp_line (start 1.48 -0.73) (end 1.48 0.73) (layer F.CrtYd) (width 0.05))
    (fp_line (start 1.48 0.73) (end -1.48 0.73) (layer F.CrtYd) (width 0.05))
    (fp_text user %R (at 0 0 180) (layer F.Fab)
      (effects (font (size 0.4 0.4) (thickness 0.06)))
    )
    (pad 1 smd roundrect (at -0.7875 0 180) (size 0.875 0.95) (layers F.Cu F.Paste F.Mask) (roundrect_rratio 0.25)
      (net 4 "Net-(C25-Pad1)"))
    (pad 2 smd roundrect (at 0.7875 0 180) (size 0.875 0.95) (layers F.Cu F.Paste F.Mask) (roundrect_rratio 0.25)
      (net 5 GND))
    (model ${KISYS3DMOD}/Capacitor_SMD.3dshapes/C_0603_1608Metric.wrl
      (at (xyz 0 0 0))
      (scale (xyz 1 1 1))
      (rotate (xyz 0 0 0))
    )
  )

  (module Capacitor_SMD:C_0603_1608Metric (layer F.Cu) (tedit 5B301BBE) (tstamp 5CB8050F)
    (at 158.877 53.6195 90)
    (descr "Capacitor SMD 0603 (1608 Metric), square (rectangular) end terminal, IPC_7351 nominal, (Body size source: http://www.tortai-tech.com/upload/download/2011102023233369053.pdf), generated with kicad-footprint-generator")
    (tags capacitor)
    (path /5C923633/5C96A84B)
    (attr smd)
    (fp_text reference C23 (at -2.54 -0.254 270) (layer F.SilkS)
      (effects (font (size 0.7 0.7) (thickness 0.15)))
    )
    (fp_text value 1000pF (at 0 1.43 90) (layer F.Fab)
      (effects (font (size 1 1) (thickness 0.15)))
    )
    (fp_text user %R (at 0 0 90) (layer F.Fab)
      (effects (font (size 0.4 0.4) (thickness 0.06)))
    )
    (fp_line (start 1.48 0.73) (end -1.48 0.73) (layer F.CrtYd) (width 0.05))
    (fp_line (start 1.48 -0.73) (end 1.48 0.73) (layer F.CrtYd) (width 0.05))
    (fp_line (start -1.48 -0.73) (end 1.48 -0.73) (layer F.CrtYd) (width 0.05))
    (fp_line (start -1.48 0.73) (end -1.48 -0.73) (layer F.CrtYd) (width 0.05))
    (fp_line (start -0.162779 0.51) (end 0.162779 0.51) (layer F.SilkS) (width 0.12))
    (fp_line (start -0.162779 -0.51) (end 0.162779 -0.51) (layer F.SilkS) (width 0.12))
    (fp_line (start 0.8 0.4) (end -0.8 0.4) (layer F.Fab) (width 0.1))
    (fp_line (start 0.8 -0.4) (end 0.8 0.4) (layer F.Fab) (width 0.1))
    (fp_line (start -0.8 -0.4) (end 0.8 -0.4) (layer F.Fab) (width 0.1))
    (fp_line (start -0.8 0.4) (end -0.8 -0.4) (layer F.Fab) (width 0.1))
    (pad 2 smd roundrect (at 0.7875 0 90) (size 0.875 0.95) (layers F.Cu F.Paste F.Mask) (roundrect_rratio 0.25)
      (net 2 DACL-))
    (pad 1 smd roundrect (at -0.7875 0 90) (size 0.875 0.95) (layers F.Cu F.Paste F.Mask) (roundrect_rratio 0.25)
      (net 3 DACL+))
    (model ${KISYS3DMOD}/Capacitor_SMD.3dshapes/C_0603_1608Metric.wrl
      (at (xyz 0 0 0))
      (scale (xyz 1 1 1))
      (rotate (xyz 0 0 0))
    )
  )

  (module Capacitor_SMD:C_0603_1608Metric (layer F.Cu) (tedit 5B301BBE) (tstamp 5CB804FE)
    (at 158.75 48.895 90)
    (descr "Capacitor SMD 0603 (1608 Metric), square (rectangular) end terminal, IPC_7351 nominal, (Body size source: http://www.tortai-tech.com/upload/download/2011102023233369053.pdf), generated with kicad-footprint-generator")
    (tags capacitor)
    (path /5C923633/5C97F229)
    (attr smd)
    (fp_text reference C24 (at -0.1525 1.27 90) (layer F.SilkS)
      (effects (font (size 1 1) (thickness 0.15)))
    )
    (fp_text value 1000pF (at 0 1.43 90) (layer F.Fab)
      (effects (font (size 1 1) (thickness 0.15)))
    )
    (fp_line (start -0.8 0.4) (end -0.8 -0.4) (layer F.Fab) (width 0.1))
    (fp_line (start -0.8 -0.4) (end 0.8 -0.4) (layer F.Fab) (width 0.1))
    (fp_line (start 0.8 -0.4) (end 0.8 0.4) (layer F.Fab) (width 0.1))
    (fp_line (start 0.8 0.4) (end -0.8 0.4) (layer F.Fab) (width 0.1))
    (fp_line (start -0.162779 -0.51) (end 0.162779 -0.51) (layer F.SilkS) (width 0.12))
    (fp_line (start -0.162779 0.51) (end 0.162779 0.51) (layer F.SilkS) (width 0.12))
    (fp_line (start -1.48 0.73) (end -1.48 -0.73) (layer F.CrtYd) (width 0.05))
    (fp_line (start -1.48 -0.73) (end 1.48 -0.73) (layer F.CrtYd) (width 0.05))
    (fp_line (start 1.48 -0.73) (end 1.48 0.73) (layer F.CrtYd) (width 0.05))
    (fp_line (start 1.48 0.73) (end -1.48 0.73) (layer F.CrtYd) (width 0.05))
    (fp_text user %R (at 0 0 90) (layer F.Fab)
      (effects (font (size 0.4 0.4) (thickness 0.06)))
    )
    (pad 1 smd roundrect (at -0.7875 0 90) (size 0.875 0.95) (layers F.Cu F.Paste F.Mask) (roundrect_rratio 0.25)
      (net 1 DACR-))
    (pad 2 smd roundrect (at 0.7875 0 90) (size 0.875 0.95) (layers F.Cu F.Paste F.Mask) (roundrect_rratio 0.25)
      (net 11 DACR+))
    (model ${KISYS3DMOD}/Capacitor_SMD.3dshapes/C_0603_1608Metric.wrl
      (at (xyz 0 0 0))
      (scale (xyz 1 1 1))
      (rotate (xyz 0 0 0))
    )
  )

  (module Capacitor_SMD:C_0603_1608Metric (layer F.Cu) (tedit 5B301BBE) (tstamp 5CB804ED)
    (at 127 57.15 90)
    (descr "Capacitor SMD 0603 (1608 Metric), square (rectangular) end terminal, IPC_7351 nominal, (Body size source: http://www.tortai-tech.com/upload/download/2011102023233369053.pdf), generated with kicad-footprint-generator")
    (tags capacitor)
    (path /5CB4A618/5C9BE58E)
    (attr smd)
    (fp_text reference C3 (at 0 1.651 90) (layer F.SilkS)
      (effects (font (size 1 1) (thickness 0.15)))
    )
    (fp_text value 0.01uF (at 0 1.43 90) (layer F.Fab)
      (effects (font (size 1 1) (thickness 0.15)))
    )
    (fp_text user %R (at 0 0 90) (layer F.Fab)
      (effects (font (size 0.4 0.4) (thickness 0.06)))
    )
    (fp_line (start 1.48 0.73) (end -1.48 0.73) (layer F.CrtYd) (width 0.05))
    (fp_line (start 1.48 -0.73) (end 1.48 0.73) (layer F.CrtYd) (width 0.05))
    (fp_line (start -1.48 -0.73) (end 1.48 -0.73) (layer F.CrtYd) (width 0.05))
    (fp_line (start -1.48 0.73) (end -1.48 -0.73) (layer F.CrtYd) (width 0.05))
    (fp_line (start -0.162779 0.51) (end 0.162779 0.51) (layer F.SilkS) (width 0.12))
    (fp_line (start -0.162779 -0.51) (end 0.162779 -0.51) (layer F.SilkS) (width 0.12))
    (fp_line (start 0.8 0.4) (end -0.8 0.4) (layer F.Fab) (width 0.1))
    (fp_line (start 0.8 -0.4) (end 0.8 0.4) (layer F.Fab) (width 0.1))
    (fp_line (start -0.8 -0.4) (end 0.8 -0.4) (layer F.Fab) (width 0.1))
    (fp_line (start -0.8 0.4) (end -0.8 -0.4) (layer F.Fab) (width 0.1))
    (pad 2 smd roundrect (at 0.7875 0 90) (size 0.875 0.95) (layers F.Cu F.Paste F.Mask) (roundrect_rratio 0.25)
      (net 5 GND))
    (pad 1 smd roundrect (at -0.7875 0 90) (size 0.875 0.95) (layers F.Cu F.Paste F.Mask) (roundrect_rratio 0.25)
      (net 13 "Net-(C3-Pad1)"))
    (model ${KISYS3DMOD}/Capacitor_SMD.3dshapes/C_0603_1608Metric.wrl
      (at (xyz 0 0 0))
      (scale (xyz 1 1 1))
      (rotate (xyz 0 0 0))
    )
  )

  (module Capacitor_SMD:C_0603_1608Metric (layer F.Cu) (tedit 5B301BBE) (tstamp 5CB804DC)
    (at 140.6145 55.499 180)
    (descr "Capacitor SMD 0603 (1608 Metric), square (rectangular) end terminal, IPC_7351 nominal, (Body size source: http://www.tortai-tech.com/upload/download/2011102023233369053.pdf), generated with kicad-footprint-generator")
    (tags capacitor)
    (path /5C923633/5C92BA7F)
    (attr smd)
    (fp_text reference C18 (at -0.3555 0.889 180) (layer F.SilkS)
      (effects (font (size 1 1) (thickness 0.15)))
    )
    (fp_text value 10uF (at 0 1.43 180) (layer F.Fab)
      (effects (font (size 1 1) (thickness 0.15)))
    )
    (fp_line (start -0.8 0.4) (end -0.8 -0.4) (layer F.Fab) (width 0.1))
    (fp_line (start -0.8 -0.4) (end 0.8 -0.4) (layer F.Fab) (width 0.1))
    (fp_line (start 0.8 -0.4) (end 0.8 0.4) (layer F.Fab) (width 0.1))
    (fp_line (start 0.8 0.4) (end -0.8 0.4) (layer F.Fab) (width 0.1))
    (fp_line (start -0.162779 -0.51) (end 0.162779 -0.51) (layer F.SilkS) (width 0.12))
    (fp_line (start -0.162779 0.51) (end 0.162779 0.51) (layer F.SilkS) (width 0.12))
    (fp_line (start -1.48 0.73) (end -1.48 -0.73) (layer F.CrtYd) (width 0.05))
    (fp_line (start -1.48 -0.73) (end 1.48 -0.73) (layer F.CrtYd) (width 0.05))
    (fp_line (start 1.48 -0.73) (end 1.48 0.73) (layer F.CrtYd) (width 0.05))
    (fp_line (start 1.48 0.73) (end -1.48 0.73) (layer F.CrtYd) (width 0.05))
    (fp_text user %R (at 0 0 180) (layer F.Fab)
      (effects (font (size 0.4 0.4) (thickness 0.06)))
    )
    (pad 1 smd roundrect (at -0.7875 0 180) (size 0.875 0.95) (layers F.Cu F.Paste F.Mask) (roundrect_rratio 0.25)
      (net 7 +3V3))
    (pad 2 smd roundrect (at 0.7875 0 180) (size 0.875 0.95) (layers F.Cu F.Paste F.Mask) (roundrect_rratio 0.25)
      (net 5 GND))
    (model ${KISYS3DMOD}/Capacitor_SMD.3dshapes/C_0603_1608Metric.wrl
      (at (xyz 0 0 0))
      (scale (xyz 1 1 1))
      (rotate (xyz 0 0 0))
    )
  )

  (module Capacitor_SMD:C_0603_1608Metric (layer F.Cu) (tedit 5C9518D9) (tstamp 5CB81B12)
    (at 120.015 58.928)
    (descr "Capacitor SMD 0603 (1608 Metric), square (rectangular) end terminal, IPC_7351 nominal, (Body size source: http://www.tortai-tech.com/upload/download/2011102023233369053.pdf), generated with kicad-footprint-generator")
    (tags capacitor)
    (path /5CB4A618/5C9BB7B6)
    (attr smd)
    (fp_text reference C2 (at -2.438749 0.066332) (layer F.SilkS)
      (effects (font (size 1 1) (thickness 0.15)))
    )
    (fp_text value 0.1uF (at 0 1.43) (layer F.Fab)
      (effects (font (size 1 1) (thickness 0.15)))
    )
    (fp_text user %R (at 0 0) (layer F.Fab)
      (effects (font (size 0.4 0.4) (thickness 0.06)))
    )
    (fp_line (start 1.48 0.73) (end -1.48 0.73) (layer F.CrtYd) (width 0.05))
    (fp_line (start 1.48 -0.73) (end 1.48 0.73) (layer F.CrtYd) (width 0.05))
    (fp_line (start -1.48 -0.73) (end 1.48 -0.73) (layer F.CrtYd) (width 0.05))
    (fp_line (start -1.48 0.73) (end -1.48 -0.73) (layer F.CrtYd) (width 0.05))
    (fp_line (start -0.162779 0.51) (end 0.162779 0.51) (layer F.SilkS) (width 0.12))
    (fp_line (start -0.162779 -0.51) (end 0.162779 -0.51) (layer F.SilkS) (width 0.12))
    (fp_line (start 0.8 0.4) (end -0.8 0.4) (layer F.Fab) (width 0.1))
    (fp_line (start 0.8 -0.4) (end 0.8 0.4) (layer F.Fab) (width 0.1))
    (fp_line (start -0.8 -0.4) (end 0.8 -0.4) (layer F.Fab) (width 0.1))
    (fp_line (start -0.8 0.4) (end -0.8 -0.4) (layer F.Fab) (width 0.1))
    (pad 2 smd roundrect (at 0.7875 0) (size 0.875 0.95) (layers F.Cu F.Paste F.Mask) (roundrect_rratio 0.25)
      (net 5 GND))
    (pad 1 smd roundrect (at -0.7875 0) (size 0.875 0.95) (layers F.Cu F.Paste F.Mask) (roundrect_rratio 0.25)
      (net 12 VUSB))
    (model ${KISYS3DMOD}/Capacitor_SMD.3dshapes/C_0603_1608Metric.wrl
      (at (xyz 0 0 0))
      (scale (xyz 1 1 1))
      (rotate (xyz 0 0 0))
    )
  )

  (module Capacitor_SMD:C_0603_1608Metric (layer F.Cu) (tedit 5B301BBE) (tstamp 5C9AB144)
    (at 120.0405 60.579)
    (descr "Capacitor SMD 0603 (1608 Metric), square (rectangular) end terminal, IPC_7351 nominal, (Body size source: http://www.tortai-tech.com/upload/download/2011102023233369053.pdf), generated with kicad-footprint-generator")
    (tags capacitor)
    (path /5CB4A618/5C9BB782)
    (attr smd)
    (fp_text reference C1 (at -2.438749 -0.060668) (layer F.SilkS)
      (effects (font (size 1 1) (thickness 0.15)))
    )
    (fp_text value 10uF (at 0 1.43) (layer F.Fab)
      (effects (font (size 1 1) (thickness 0.15)))
    )
    (fp_line (start -0.8 0.4) (end -0.8 -0.4) (layer F.Fab) (width 0.1))
    (fp_line (start -0.8 -0.4) (end 0.8 -0.4) (layer F.Fab) (width 0.1))
    (fp_line (start 0.8 -0.4) (end 0.8 0.4) (layer F.Fab) (width 0.1))
    (fp_line (start 0.8 0.4) (end -0.8 0.4) (layer F.Fab) (width 0.1))
    (fp_line (start -0.162779 -0.51) (end 0.162779 -0.51) (layer F.SilkS) (width 0.12))
    (fp_line (start -0.162779 0.51) (end 0.162779 0.51) (layer F.SilkS) (width 0.12))
    (fp_line (start -1.48 0.73) (end -1.48 -0.73) (layer F.CrtYd) (width 0.05))
    (fp_line (start -1.48 -0.73) (end 1.48 -0.73) (layer F.CrtYd) (width 0.05))
    (fp_line (start 1.48 -0.73) (end 1.48 0.73) (layer F.CrtYd) (width 0.05))
    (fp_line (start 1.48 0.73) (end -1.48 0.73) (layer F.CrtYd) (width 0.05))
    (fp_text user %R (at 0 0) (layer F.Fab)
      (effects (font (size 0.4 0.4) (thickness 0.06)))
    )
    (pad 1 smd roundrect (at -0.7875 0) (size 0.875 0.95) (layers F.Cu F.Paste F.Mask) (roundrect_rratio 0.25)
      (net 12 VUSB))
    (pad 2 smd roundrect (at 0.7875 0) (size 0.875 0.95) (layers F.Cu F.Paste F.Mask) (roundrect_rratio 0.25)
      (net 5 GND))
    (model ${KISYS3DMOD}/Capacitor_SMD.3dshapes/C_0603_1608Metric.wrl
      (at (xyz 0 0 0))
      (scale (xyz 1 1 1))
      (rotate (xyz 0 0 0))
    )
  )

  (module Connector_PinHeader_2.54mm:PinHeader_1x06_P2.54mm_Horizontal (layer F.Cu) (tedit 59FED5CB) (tstamp 5CB8044F)
    (at 164.465 45.085)
    (descr "Through hole angled pin header, 1x06, 2.54mm pitch, 6mm pin length, single row")
    (tags "Through hole angled pin header THT 1x06 2.54mm single row")
    (path /5C916543/5CA0A347)
    (fp_text reference J2 (at 4.385 -2.27) (layer F.SilkS)
      (effects (font (size 1 1) (thickness 0.15)))
    )
    (fp_text value Conn_01x06 (at 4.385 14.97) (layer F.Fab)
      (effects (font (size 1 1) (thickness 0.15)))
    )
    (fp_line (start 2.135 -1.27) (end 4.04 -1.27) (layer F.Fab) (width 0.1))
    (fp_line (start 4.04 -1.27) (end 4.04 13.97) (layer F.Fab) (width 0.1))
    (fp_line (start 4.04 13.97) (end 1.5 13.97) (layer F.Fab) (width 0.1))
    (fp_line (start 1.5 13.97) (end 1.5 -0.635) (layer F.Fab) (width 0.1))
    (fp_line (start 1.5 -0.635) (end 2.135 -1.27) (layer F.Fab) (width 0.1))
    (fp_line (start -0.32 -0.32) (end 1.5 -0.32) (layer F.Fab) (width 0.1))
    (fp_line (start -0.32 -0.32) (end -0.32 0.32) (layer F.Fab) (width 0.1))
    (fp_line (start -0.32 0.32) (end 1.5 0.32) (layer F.Fab) (width 0.1))
    (fp_line (start 4.04 -0.32) (end 10.04 -0.32) (layer F.Fab) (width 0.1))
    (fp_line (start 10.04 -0.32) (end 10.04 0.32) (layer F.Fab) (width 0.1))
    (fp_line (start 4.04 0.32) (end 10.04 0.32) (layer F.Fab) (width 0.1))
    (fp_line (start -0.32 2.22) (end 1.5 2.22) (layer F.Fab) (width 0.1))
    (fp_line (start -0.32 2.22) (end -0.32 2.86) (layer F.Fab) (width 0.1))
    (fp_line (start -0.32 2.86) (end 1.5 2.86) (layer F.Fab) (width 0.1))
    (fp_line (start 4.04 2.22) (end 10.04 2.22) (layer F.Fab) (width 0.1))
    (fp_line (start 10.04 2.22) (end 10.04 2.86) (layer F.Fab) (width 0.1))
    (fp_line (start 4.04 2.86) (end 10.04 2.86) (layer F.Fab) (width 0.1))
    (fp_line (start -0.32 4.76) (end 1.5 4.76) (layer F.Fab) (width 0.1))
    (fp_line (start -0.32 4.76) (end -0.32 5.4) (layer F.Fab) (width 0.1))
    (fp_line (start -0.32 5.4) (end 1.5 5.4) (layer F.Fab) (width 0.1))
    (fp_line (start 4.04 4.76) (end 10.04 4.76) (layer F.Fab) (width 0.1))
    (fp_line (start 10.04 4.76) (end 10.04 5.4) (layer F.Fab) (width 0.1))
    (fp_line (start 4.04 5.4) (end 10.04 5.4) (layer F.Fab) (width 0.1))
    (fp_line (start -0.32 7.3) (end 1.5 7.3) (layer F.Fab) (width 0.1))
    (fp_line (start -0.32 7.3) (end -0.32 7.94) (layer F.Fab) (width 0.1))
    (fp_line (start -0.32 7.94) (end 1.5 7.94) (layer F.Fab) (width 0.1))
    (fp_line (start 4.04 7.3) (end 10.04 7.3) (layer F.Fab) (width 0.1))
    (fp_line (start 10.04 7.3) (end 10.04 7.94) (layer F.Fab) (width 0.1))
    (fp_line (start 4.04 7.94) (end 10.04 7.94) (layer F.Fab) (width 0.1))
    (fp_line (start -0.32 9.84) (end 1.5 9.84) (layer F.Fab) (width 0.1))
    (fp_line (start -0.32 9.84) (end -0.32 10.48) (layer F.Fab) (width 0.1))
    (fp_line (start -0.32 10.48) (end 1.5 10.48) (layer F.Fab) (width 0.1))
    (fp_line (start 4.04 9.84) (end 10.04 9.84) (layer F.Fab) (width 0.1))
    (fp_line (start 10.04 9.84) (end 10.04 10.48) (layer F.Fab) (width 0.1))
    (fp_line (start 4.04 10.48) (end 10.04 10.48) (layer F.Fab) (width 0.1))
    (fp_line (start -0.32 12.38) (end 1.5 12.38) (layer F.Fab) (width 0.1))
    (fp_line (start -0.32 12.38) (end -0.32 13.02) (layer F.Fab) (width 0.1))
    (fp_line (start -0.32 13.02) (end 1.5 13.02) (layer F.Fab) (width 0.1))
    (fp_line (start 4.04 12.38) (end 10.04 12.38) (layer F.Fab) (width 0.1))
    (fp_line (start 10.04 12.38) (end 10.04 13.02) (layer F.Fab) (width 0.1))
    (fp_line (start 4.04 13.02) (end 10.04 13.02) (layer F.Fab) (width 0.1))
    (fp_line (start 1.44 -1.33) (end 1.44 14.03) (layer F.SilkS) (width 0.12))
    (fp_line (start 1.44 14.03) (end 4.1 14.03) (layer F.SilkS) (width 0.12))
    (fp_line (start 4.1 14.03) (end 4.1 -1.33) (layer F.SilkS) (width 0.12))
    (fp_line (start 4.1 -1.33) (end 1.44 -1.33) (layer F.SilkS) (width 0.12))
    (fp_line (start 4.1 -0.38) (end 10.1 -0.38) (layer F.SilkS) (width 0.12))
    (fp_line (start 10.1 -0.38) (end 10.1 0.38) (layer F.SilkS) (width 0.12))
    (fp_line (start 10.1 0.38) (end 4.1 0.38) (layer F.SilkS) (width 0.12))
    (fp_line (start 4.1 -0.32) (end 10.1 -0.32) (layer F.SilkS) (width 0.12))
    (fp_line (start 4.1 -0.2) (end 10.1 -0.2) (layer F.SilkS) (width 0.12))
    (fp_line (start 4.1 -0.08) (end 10.1 -0.08) (layer F.SilkS) (width 0.12))
    (fp_line (start 4.1 0.04) (end 10.1 0.04) (layer F.SilkS) (width 0.12))
    (fp_line (start 4.1 0.16) (end 10.1 0.16) (layer F.SilkS) (width 0.12))
    (fp_line (start 4.1 0.28) (end 10.1 0.28) (layer F.SilkS) (width 0.12))
    (fp_line (start 1.11 -0.38) (end 1.44 -0.38) (layer F.SilkS) (width 0.12))
    (fp_line (start 1.11 0.38) (end 1.44 0.38) (layer F.SilkS) (width 0.12))
    (fp_line (start 1.44 1.27) (end 4.1 1.27) (layer F.SilkS) (width 0.12))
    (fp_line (start 4.1 2.16) (end 10.1 2.16) (layer F.SilkS) (width 0.12))
    (fp_line (start 10.1 2.16) (end 10.1 2.92) (layer F.SilkS) (width 0.12))
    (fp_line (start 10.1 2.92) (end 4.1 2.92) (layer F.SilkS) (width 0.12))
    (fp_line (start 1.042929 2.16) (end 1.44 2.16) (layer F.SilkS) (width 0.12))
    (fp_line (start 1.042929 2.92) (end 1.44 2.92) (layer F.SilkS) (width 0.12))
    (fp_line (start 1.44 3.81) (end 4.1 3.81) (layer F.SilkS) (width 0.12))
    (fp_line (start 4.1 4.7) (end 10.1 4.7) (layer F.SilkS) (width 0.12))
    (fp_line (start 10.1 4.7) (end 10.1 5.46) (layer F.SilkS) (width 0.12))
    (fp_line (start 10.1 5.46) (end 4.1 5.46) (layer F.SilkS) (width 0.12))
    (fp_line (start 1.042929 4.7) (end 1.44 4.7) (layer F.SilkS) (width 0.12))
    (fp_line (start 1.042929 5.46) (end 1.44 5.46) (layer F.SilkS) (width 0.12))
    (fp_line (start 1.44 6.35) (end 4.1 6.35) (layer F.SilkS) (width 0.12))
    (fp_line (start 4.1 7.24) (end 10.1 7.24) (layer F.SilkS) (width 0.12))
    (fp_line (start 10.1 7.24) (end 10.1 8) (layer F.SilkS) (width 0.12))
    (fp_line (start 10.1 8) (end 4.1 8) (layer F.SilkS) (width 0.12))
    (fp_line (start 1.042929 7.24) (end 1.44 7.24) (layer F.SilkS) (width 0.12))
    (fp_line (start 1.042929 8) (end 1.44 8) (layer F.SilkS) (width 0.12))
    (fp_line (start 1.44 8.89) (end 4.1 8.89) (layer F.SilkS) (width 0.12))
    (fp_line (start 4.1 9.78) (end 10.1 9.78) (layer F.SilkS) (width 0.12))
    (fp_line (start 10.1 9.78) (end 10.1 10.54) (layer F.SilkS) (width 0.12))
    (fp_line (start 10.1 10.54) (end 4.1 10.54) (layer F.SilkS) (width 0.12))
    (fp_line (start 1.042929 9.78) (end 1.44 9.78) (layer F.SilkS) (width 0.12))
    (fp_line (start 1.042929 10.54) (end 1.44 10.54) (layer F.SilkS) (width 0.12))
    (fp_line (start 1.44 11.43) (end 4.1 11.43) (layer F.SilkS) (width 0.12))
    (fp_line (start 4.1 12.32) (end 10.1 12.32) (layer F.SilkS) (width 0.12))
    (fp_line (start 10.1 12.32) (end 10.1 13.08) (layer F.SilkS) (width 0.12))
    (fp_line (start 10.1 13.08) (end 4.1 13.08) (layer F.SilkS) (width 0.12))
    (fp_line (start 1.042929 12.32) (end 1.44 12.32) (layer F.SilkS) (width 0.12))
    (fp_line (start 1.042929 13.08) (end 1.44 13.08) (layer F.SilkS) (width 0.12))
    (fp_line (start -1.27 0) (end -1.27 -1.27) (layer F.SilkS) (width 0.12))
    (fp_line (start -1.27 -1.27) (end 0 -1.27) (layer F.SilkS) (width 0.12))
    (fp_line (start -1.8 -1.8) (end -1.8 14.5) (layer F.CrtYd) (width 0.05))
    (fp_line (start -1.8 14.5) (end 10.55 14.5) (layer F.CrtYd) (width 0.05))
    (fp_line (start 10.55 14.5) (end 10.55 -1.8) (layer F.CrtYd) (width 0.05))
    (fp_line (start 10.55 -1.8) (end -1.8 -1.8) (layer F.CrtYd) (width 0.05))
    (fp_text user %R (at 2.77 6.35 90) (layer F.Fab)
      (effects (font (size 1 1) (thickness 0.15)))
    )
    (pad 1 thru_hole rect (at 0 0) (size 1.7 1.7) (drill 1) (layers *.Cu *.Mask)
      (net 11 DACR+))
    (pad 2 thru_hole oval (at 0 2.54) (size 1.7 1.7) (drill 1) (layers *.Cu *.Mask)
      (net 1 DACR-))
    (pad 3 thru_hole oval (at 0 5.08) (size 1.7 1.7) (drill 1) (layers *.Cu *.Mask)
      (net 2 DACL-))
    (pad 4 thru_hole oval (at 0 7.62) (size 1.7 1.7) (drill 1) (layers *.Cu *.Mask)
      (net 3 DACL+))
    (pad 5 thru_hole oval (at 0 10.16) (size 1.7 1.7) (drill 1) (layers *.Cu *.Mask)
      (net 5 GND))
    (pad 6 thru_hole oval (at 0 12.7) (size 1.7 1.7) (drill 1) (layers *.Cu *.Mask)
      (net 12 VUSB))
    (model ${KISYS3DMOD}/Connector_PinHeader_2.54mm.3dshapes/PinHeader_1x06_P2.54mm_Horizontal.wrl
      (at (xyz 0 0 0))
      (scale (xyz 1 1 1))
      (rotate (xyz 0 0 0))
    )
  )

  (module Connector_PinSocket_2.54mm:PinSocket_1x06_P2.54mm_Horizontal (layer F.Cu) (tedit 5C9518DA) (tstamp 5CB803E8)
    (at 113.03 45.085)
    (descr "Through hole angled socket strip, 1x06, 2.54mm pitch, 8.51mm socket length, single row (from Kicad 4.0.7), script generated")
    (tags "Through hole angled socket strip THT 1x06 2.54mm single row")
    (path /5C916543/5C91699E)
    (fp_text reference J1 (at -4.38 -2.77) (layer F.SilkS)
      (effects (font (size 1 1) (thickness 0.15)))
    )
    (fp_text value Conn_01x06 (at -4.38 15.47) (layer F.Fab)
      (effects (font (size 1 1) (thickness 0.15)))
    )
    (fp_line (start -10.03 -1.27) (end -2.49 -1.27) (layer F.Fab) (width 0.1))
    (fp_line (start -2.49 -1.27) (end -1.52 -0.3) (layer F.Fab) (width 0.1))
    (fp_line (start -1.52 -0.3) (end -1.52 13.97) (layer F.Fab) (width 0.1))
    (fp_line (start -1.52 13.97) (end -10.03 13.97) (layer F.Fab) (width 0.1))
    (fp_line (start -10.03 13.97) (end -10.03 -1.27) (layer F.Fab) (width 0.1))
    (fp_line (start 0 -0.3) (end -1.52 -0.3) (layer F.Fab) (width 0.1))
    (fp_line (start -1.52 0.3) (end 0 0.3) (layer F.Fab) (width 0.1))
    (fp_line (start 0 0.3) (end 0 -0.3) (layer F.Fab) (width 0.1))
    (fp_line (start 0 2.24) (end -1.52 2.24) (layer F.Fab) (width 0.1))
    (fp_line (start -1.52 2.84) (end 0 2.84) (layer F.Fab) (width 0.1))
    (fp_line (start 0 2.84) (end 0 2.24) (layer F.Fab) (width 0.1))
    (fp_line (start 0 4.78) (end -1.52 4.78) (layer F.Fab) (width 0.1))
    (fp_line (start -1.52 5.38) (end 0 5.38) (layer F.Fab) (width 0.1))
    (fp_line (start 0 5.38) (end 0 4.78) (layer F.Fab) (width 0.1))
    (fp_line (start 0 7.32) (end -1.52 7.32) (layer F.Fab) (width 0.1))
    (fp_line (start -1.52 7.92) (end 0 7.92) (layer F.Fab) (width 0.1))
    (fp_line (start 0 7.92) (end 0 7.32) (layer F.Fab) (width 0.1))
    (fp_line (start 0 9.86) (end -1.52 9.86) (layer F.Fab) (width 0.1))
    (fp_line (start -1.52 10.46) (end 0 10.46) (layer F.Fab) (width 0.1))
    (fp_line (start 0 10.46) (end 0 9.86) (layer F.Fab) (width 0.1))
    (fp_line (start 0 12.4) (end -1.52 12.4) (layer F.Fab) (width 0.1))
    (fp_line (start -1.52 13) (end 0 13) (layer F.Fab) (width 0.1))
    (fp_line (start 0 13) (end 0 12.4) (layer F.Fab) (width 0.1))
    (fp_line (start -10.09 -1.21) (end -1.46 -1.21) (layer F.SilkS) (width 0.12))
    (fp_line (start -10.09 -1.091905) (end -1.46 -1.091905) (layer F.SilkS) (width 0.12))
    (fp_line (start -10.09 -0.97381) (end -1.46 -0.97381) (layer F.SilkS) (width 0.12))
    (fp_line (start -10.09 -0.855715) (end -1.46 -0.855715) (layer F.SilkS) (width 0.12))
    (fp_line (start -10.09 -0.73762) (end -1.46 -0.73762) (layer F.SilkS) (width 0.12))
    (fp_line (start -10.09 -0.619525) (end -1.46 -0.619525) (layer F.SilkS) (width 0.12))
    (fp_line (start -10.09 -0.50143) (end -1.46 -0.50143) (layer F.SilkS) (width 0.12))
    (fp_line (start -10.09 -0.383335) (end -1.46 -0.383335) (layer F.SilkS) (width 0.12))
    (fp_line (start -10.09 -0.26524) (end -1.46 -0.26524) (layer F.SilkS) (width 0.12))
    (fp_line (start -10.09 -0.147145) (end -1.46 -0.147145) (layer F.SilkS) (width 0.12))
    (fp_line (start -10.09 -0.02905) (end -1.46 -0.02905) (layer F.SilkS) (width 0.12))
    (fp_line (start -10.09 0.089045) (end -1.46 0.089045) (layer F.SilkS) (width 0.12))
    (fp_line (start -10.09 0.20714) (end -1.46 0.20714) (layer F.SilkS) (width 0.12))
    (fp_line (start -10.09 0.325235) (end -1.46 0.325235) (layer F.SilkS) (width 0.12))
    (fp_line (start -10.09 0.44333) (end -1.46 0.44333) (layer F.SilkS) (width 0.12))
    (fp_line (start -10.09 0.561425) (end -1.46 0.561425) (layer F.SilkS) (width 0.12))
    (fp_line (start -10.09 0.67952) (end -1.46 0.67952) (layer F.SilkS) (width 0.12))
    (fp_line (start -10.09 0.797615) (end -1.46 0.797615) (layer F.SilkS) (width 0.12))
    (fp_line (start -10.09 0.91571) (end -1.46 0.91571) (layer F.SilkS) (width 0.12))
    (fp_line (start -10.09 1.033805) (end -1.46 1.033805) (layer F.SilkS) (width 0.12))
    (fp_line (start -10.09 1.1519) (end -1.46 1.1519) (layer F.SilkS) (width 0.12))
    (fp_line (start -1.46 -0.36) (end -1.11 -0.36) (layer F.SilkS) (width 0.12))
    (fp_line (start -1.46 0.36) (end -1.11 0.36) (layer F.SilkS) (width 0.12))
    (fp_line (start -1.46 2.18) (end -1.05 2.18) (layer F.SilkS) (width 0.12))
    (fp_line (start -1.46 2.9) (end -1.05 2.9) (layer F.SilkS) (width 0.12))
    (fp_line (start -1.46 4.72) (end -1.05 4.72) (layer F.SilkS) (width 0.12))
    (fp_line (start -1.46 5.44) (end -1.05 5.44) (layer F.SilkS) (width 0.12))
    (fp_line (start -1.46 7.26) (end -1.05 7.26) (layer F.SilkS) (width 0.12))
    (fp_line (start -1.46 7.98) (end -1.05 7.98) (layer F.SilkS) (width 0.12))
    (fp_line (start -1.46 9.8) (end -1.05 9.8) (layer F.SilkS) (width 0.12))
    (fp_line (start -1.46 10.52) (end -1.05 10.52) (layer F.SilkS) (width 0.12))
    (fp_line (start -1.46 12.34) (end -1.05 12.34) (layer F.SilkS) (width 0.12))
    (fp_line (start -1.46 13.06) (end -1.05 13.06) (layer F.SilkS) (width 0.12))
    (fp_line (start -10.09 1.27) (end -1.46 1.27) (layer F.SilkS) (width 0.12))
    (fp_line (start -10.09 3.81) (end -1.46 3.81) (layer F.SilkS) (width 0.12))
    (fp_line (start -10.09 6.35) (end -1.46 6.35) (layer F.SilkS) (width 0.12))
    (fp_line (start -10.09 8.89) (end -1.46 8.89) (layer F.SilkS) (width 0.12))
    (fp_line (start -10.09 11.43) (end -1.46 11.43) (layer F.SilkS) (width 0.12))
    (fp_line (start -10.09 -1.33) (end -1.46 -1.33) (layer F.SilkS) (width 0.12))
    (fp_line (start -1.46 -1.33) (end -1.46 14.03) (layer F.SilkS) (width 0.12))
    (fp_line (start -10.09 14.03) (end -1.46 14.03) (layer F.SilkS) (width 0.12))
    (fp_line (start -10.09 -1.33) (end -10.09 14.03) (layer F.SilkS) (width 0.12))
    (fp_line (start 1.11 -1.33) (end 1.11 0) (layer F.SilkS) (width 0.12))
    (fp_line (start 0 -1.33) (end 1.11 -1.33) (layer F.SilkS) (width 0.12))
    (fp_line (start 1.75 -1.8) (end -10.55 -1.8) (layer F.CrtYd) (width 0.05))
    (fp_line (start -10.55 -1.8) (end -10.55 14.45) (layer F.CrtYd) (width 0.05))
    (fp_line (start -10.55 14.45) (end 1.75 14.45) (layer F.CrtYd) (width 0.05))
    (fp_line (start 1.75 14.45) (end 1.75 -1.8) (layer F.CrtYd) (width 0.05))
    (fp_text user %R (at -5.775 6.35 90) (layer F.Fab)
      (effects (font (size 1 1) (thickness 0.15)))
    )
    (pad 1 thru_hole rect (at 0 0) (size 1.7 1.7) (drill 1) (layers *.Cu *.Mask)
      (net 18 I2S_MCLK))
    (pad 2 thru_hole oval (at 0 2.54) (size 1.7 1.7) (drill 1) (layers *.Cu *.Mask)
      (net 21 I2S_LRCK))
    (pad 3 thru_hole oval (at 0 5.08) (size 1.7 1.7) (drill 1) (layers *.Cu *.Mask)
      (net 20 I2S_DIN))
    (pad 4 thru_hole oval (at 0 7.62) (size 1.7 1.7) (drill 1) (layers *.Cu *.Mask)
      (net 19 I2S_SCLK))
    (pad 5 thru_hole oval (at 0 10.16) (size 1.7 1.7) (drill 1) (layers *.Cu *.Mask)
      (net 5 GND))
    (pad 6 thru_hole oval (at 0 12.7) (size 1.7 1.7) (drill 1) (layers *.Cu *.Mask)
      (net 12 VUSB))
    (model ${KISYS3DMOD}/Connector_PinSocket_2.54mm.3dshapes/PinSocket_1x06_P2.54mm_Horizontal.wrl
      (at (xyz 0 0 0))
      (scale (xyz 1 1 1))
      (rotate (xyz 0 0 0))
    )
  )

  (module LED_SMD:LED_0805_2012Metric (layer F.Cu) (tedit 5B36C52C) (tstamp 5CB80396)
    (at 127.8405 53.975 180)
    (descr "LED SMD 0805 (2012 Metric), square (rectangular) end terminal, IPC_7351 nominal, (Body size source: https://docs.google.com/spreadsheets/d/1BsfQQcO9C6DZCsRaXUlFlo91Tg2WpOkGARC1WS5S8t0/edit?usp=sharing), generated with kicad-footprint-generator")
    (tags diode)
    (path /5CB4A618/5C9D3C68)
    (attr smd)
    (fp_text reference D1 (at 0.0785 1.778 180) (layer F.SilkS)
      (effects (font (size 1 1) (thickness 0.15)))
    )
    (fp_text value LED_3v3 (at 0 1.65 180) (layer F.Fab)
      (effects (font (size 1 1) (thickness 0.15)))
    )
    (fp_line (start 1 -0.6) (end -0.7 -0.6) (layer F.Fab) (width 0.1))
    (fp_line (start -0.7 -0.6) (end -1 -0.3) (layer F.Fab) (width 0.1))
    (fp_line (start -1 -0.3) (end -1 0.6) (layer F.Fab) (width 0.1))
    (fp_line (start -1 0.6) (end 1 0.6) (layer F.Fab) (width 0.1))
    (fp_line (start 1 0.6) (end 1 -0.6) (layer F.Fab) (width 0.1))
    (fp_line (start 1 -0.96) (end -1.685 -0.96) (layer F.SilkS) (width 0.12))
    (fp_line (start -1.685 -0.96) (end -1.685 0.96) (layer F.SilkS) (width 0.12))
    (fp_line (start -1.685 0.96) (end 1 0.96) (layer F.SilkS) (width 0.12))
    (fp_line (start -1.68 0.95) (end -1.68 -0.95) (layer F.CrtYd) (width 0.05))
    (fp_line (start -1.68 -0.95) (end 1.68 -0.95) (layer F.CrtYd) (width 0.05))
    (fp_line (start 1.68 -0.95) (end 1.68 0.95) (layer F.CrtYd) (width 0.05))
    (fp_line (start 1.68 0.95) (end -1.68 0.95) (layer F.CrtYd) (width 0.05))
    (fp_text user %R (at 0 0 180) (layer F.Fab)
      (effects (font (size 0.5 0.5) (thickness 0.08)))
    )
    (pad 1 smd roundrect (at -0.9375 0 180) (size 0.975 1.4) (layers F.Cu F.Paste F.Mask) (roundrect_rratio 0.25)
      (net 10 "Net-(D1-Pad1)"))
    (pad 2 smd roundrect (at 0.9375 0 180) (size 0.975 1.4) (layers F.Cu F.Paste F.Mask) (roundrect_rratio 0.25)
      (net 7 +3V3))
    (model ${KISYS3DMOD}/LED_SMD.3dshapes/LED_0805_2012Metric.wrl
      (at (xyz 0 0 0))
      (scale (xyz 1 1 1))
      (rotate (xyz 0 0 0))
    )
  )

  (module Package_DFN_QFN:Texas_S-PVQFN-N32_EP3.45x3.45mm (layer F.Cu) (tedit 5B317740) (tstamp 5CB80383)
    (at 142.66 50.815 90)
    (descr "QFN, 32 Pin (http://www.ti.com/lit/ds/symlink/msp430f1122.pdf), generated with kicad-footprint-generator ipc_dfn_qfn_generator.py")
